матриця індексів узгодження C
0.000 0.647 0.544 0.426 0.764 0.852 0.602 0.823 0.720 0.647 0.823 0.514 0.617 0.397 0.500       
0.500 0.000 0.544 0.441 0.573 0.750 0.411 0.602 0.691 0.529 0.544 0.647 0.647 0.279 0.441
0.602 0.558 0.000 0.573 0.602 0.720 0.441 0.588 0.661 0.558 0.470 0.750 0.647 0.338 0.485
0.573 0.558 0.470 0.000 0.794 0.617 0.544 0.676 0.441 0.602 0.661 0.470 0.573 0.441 0.544
0.264 0.426 0.485 0.485 0.000 0.397 0.279 0.544 0.338 0.264 0.485 0.529 0.279 0.264 0.367 
0.279 0.485 0.426 0.382 0.602 0.000 0.338 0.485 0.323 0.191 0.411 0.411 0.308 0.102 0.279 
0.485 0.632 0.558 0.794 0.735 0.852 0.000 0.794 0.794 0.588 0.750 0.735 0.838 0.441 0.411 
0.176 0.500 0.573 0.588 0.588 0.661 0.544 0.000 0.485 0.352 0.647 0.529 0.632 0.235 0.382 
0.500 0.411 0.617 0.588 0.705 0.808 0.558 0.794 0.000 0.632 0.676 0.602 0.691 0.176 0.279 
0.485 0.544 0.441 0.602 0.808 0.808 0.514 0.647 0.500 0.000 0.514 0.602 0.558 0.338 0.191 
0.411 0.455 0.676 0.558 0.852 0.588 0.352 0.588 0.470 0.500 0.000 0.588 0.720 0.220 0.382
0.485 0.558 0.323 0.558 0.617 0.676 0.264 0.573 0.426 0.397 0.411 0.000 0.588 0.132 0.382
0.529 0.558 0.676 0.514 0.720 0.794 0.250 0.529 0.455 0.602 0.470 0.735 0.000 0.205 0.367
0.602 0.720 0.691 0.735 0.882 0.897 0.808 0.794 0.897 0.720 0.794 0.897 0.808 0.000 0.661
0.632 0.661 0.661 0.558 0.632 0.720 0.617 0.720 0.823 0.808 0.617 0.661 0.676 0.500 0.000        
матриця індексів неузгодження D
1.000 0.444 0.444 0.666 0.166 0.444 0.888 0.888 0.888 0.555 0.777 0.233 0.555 1.000 1.000
0.666 1.000 0.622 0.466 0.266 0.444 0.888 0.888 0.888 0.555 0.777 0.544 0.555 1.000 1.000
1.000 0.600 1.000 0.666 0.375 0.500 0.666 0.444 0.444 0.700 0.333 0.388 0.311 0.666 0.800       
0.625 0.416 0.333 1.000 0.555 0.333 0.777 0.777 0.777 0.444 0.666 0.388 0.444 0.888 0.888 
0.500 0.666 0.700 0.888 1.000 0.333 0.888 0.777 0.777 0.466 0.666 0.622 0.444 0.888 0.888 
0.533 0.777 0.622 1.000 0.333 1.000 1.000 0.466 0.444 0.388 0.533 0.544 0.466 1.000 0.555 
0.500 0.277 0.444 0.285 0.333 0.500 1.000 0.238 0.238 0.375 0.259 0.555 0.833 0.466 0.400       
0.500 0.777 0.466 1.000 0.222 0.194 1.000 1.000 0.333 0.400 0.333 0.311 0.333 1.000 0.555 
0.750 0.444 0.777 0.666 0.555 0.259 0.666 0.761 1.000 0.388 0.857 0.666 0.857 0.666 0.400       
0.600 0.555 0.333 0.777 0.555 0.388 0.777 0.533 0.333 1.000 0.600 0.555 0.533 0.777 0.444
0.625 0.444 0.777 0.666 0.555 0.194 0.666 0.111 0.311 0.500 1.000 0.555 0.625 0.666 0.500       
0.700 0.666 0.266 0.888 0.333 0.300 0.888 0.666 0.666 0.600 0.555 1.000 0.466 0.888 0.777 
1.000 0.600 0.888 0.666 0.375 0.500 0.666 0.333 0.400 0.875 0.311 0.680 1.000 0.666 0.800       
0.583 0.125 1.000 0.777 0.333 0.111 0.571 0.571 0.222 0.583 0.666 0.888 0.571 1.000 0.680 
0.642 0.466 0.888 0.444 0.267 0.375 0.544 0.535 0.625 0.500 0.642 0.666 0.750 0.544 1.000
Значення порогів для індексів узгодження та неузгодження c d
0.545 0.292
Відношення для порогових значень c d:
 0  0  0  0  1  0  0  0  0  0  0  0  0  0  0
 0  0  0  0  1  0  0  0  0  0  0  0  0  0  0
 0  0  0  0  0  0  0  0  0  0  0  0  0  0  0
 0  0  0  0  0  0  0  0  0  0  0  0  0  0  0
 0  0  0  0  0  0  0  0  0  0  0  0  0  0  0
 0  0  0  0  0  0  0  0  0  0  0  0  0  0  0
 0  1  0  1  0  0  0  1  1  0  1  0  0  0  0
 0  0  0  0  1  1  0  0  0  0  0  0  0  0  0
 0  0  0  0  0  1  0  0  0  0  0  0  0  0  0
 0  0  0  0  0  0  0  0  0  0  0  0  0  0  0
 0  0  0  0  0  1  0  1  0  0  0  0  0  0  0
 0  0  0  0  0  0  0  0  0  0  0  0  0  0  0
 0  0  0  0  0  0  0  0  0  0  0  0  0  0  0
 0  1  0  0  0  1  0  0  1  0  0  0  0  0  0
 0  0  0  0  1  0  0  0  0  0  0  0  0  0  0
Ядро відношення:
1 3 7 10 12 13 14 15